31.5211 23.7292
89.8054 68.4304
75.3098 96.0121
15.2549 42.6578
71.5414 17.4172
84.1638 39.7372
78.3458 67.0933
99.7830 48.5062
58.6114 38.2592
36.0781 56.3520 
37.3909 48.9887
98.7220 15.5117
88.7208 65.1149
18.5631 72.6995
24.4132 0.3675
24.6869 90.9143
17.3815 66.1861
33.4305 4.9640
40.6225 45.2225
62.3777 16.4094
89.8007 47.0677
67.9165 82.3469
13.1543 84.9987
47.2890 96.4226
96.7448 81.2687
49.8763 26.4390
39.7082 20.6351
98.8223 93.2215
96.8328 39.3339
98.3145 6.2372
23.9270 4.3803
46.6546 0.6140
3.5349 81.7112
73.7145 91.5181
84.9697 74.1640
51.6698 20.3827
14.3590 23.4216
27.6983 89.8493
44.7454 78.7754
16.5462 18.2977
25.6575 50.5736
72.9336 6.0985
6.1305 13.5282
11.3280 2.2242
81.4641 86.9825
46.1516 61.4122
40.8792 33.9142
89.6315 68.5662
20.6978 21.7381
87.4093 23.1431